48.358	3.01178	-0.979716	41.9524	-0.173185	-0.274608	95.7196
36.6366	2.57926	0.205829	30.2857	-0.984644	1.9241	91.7002
80.8462	-2.32878	-0.311598	30.602	2.32632	0.890069	96.2036
42.6748	-2.45101	0.134557	41.0228	0.711281	-0.576181	89.0169
33.8917	1.91907	1.82969	26.5396	-1.08287	-0.222246	94.3268
28.4149	-1.39716	0.162823	25.9609	2.00826	2.39492	91.5322
36.2748	0.945979	0.894808	34.1754	-2.19825	2.18641	85.6208
32.2256	-2.82601	0.304351	28.1832	0.484789	1.9084	80.5594
45.9459	-0.488888	-1.80915	40.847	2.32306	-1.19236	89.6762
43.5103	-1.84918	-1.57964	40.5438	1.20234	-0.795367	90.4645
45.8407	3.01246	0.535095	42.0583	-0.0849764	0.762653	88.3654
262.72	-1.61836	0.527656	243.538	1.46441	0.68706	507.284
44.5416	-1.85167	-0.616254	29.0345	1.47045	0.755766	89.2864
29.2318	-1.1723	-1.89908	13.6507	1.14222	1.03842	89.9483
47.2186	1.55138	1.35384	41.3133	-1.76671	0.677231	93.1131
93.7477	2.66735	-1.16528	18.5731	-0.763193	-2.00886	90.1925
27.6804	2.55314	1.23323	26.5823	-1.43345	0.462037	53.9269
48.2288	-1.4559	0.396291	43.0349	1.49937	0.935954	94.0719
39.0962	-1.20083	-0.0265496	35.0684	1.90791	-1.24702	88.2684
64.2626	2.9207	-1.67746	22.6198	-0.643606	-0.71164	83.8046
30.459	-0.586112	-0.93064	14.968	-1.17703	1.95352	86.1618
33.3193	2.08086	0.735508	33.2562	-0.995529	-0.966271	92.1403
35.2747	-0.905375	0.701896	30.2449	2.55701	-1.14196	94.5371
54.8532	0.541244	-1.19457	40.4984	-2.54162	-1.16598	94.2338
29.1124	1.98637	1.0772	28.8738	-1.24468	-1.0668	94.5835
31.4861	0.176108	2.37967	14.5653	-2.79167	0.644467	59.8713
50.7409	-2.90901	0.781392	39.0263	-0.620773	1.81668	94.2511
43.6758	-1.9782	1.95736	39.2769	1.07684	1.1732	89.2129
45.329	1.18105	1.43807	42.3976	-1.7949	0.783655	92.1282
59.9124	1.7028	1.98744	32.9505	-1.5291	2.44794	91.1404
46.2225	-2.73261	1.23365	30.5598	0.279793	-0.129633	93.1911
56.1735	2.39749	1.04703	43.3166	-1.37306	1.59624	97.746
43.3386	-1.16541	1.16156	39.1053	3.03036	2.63849	97.3826
36.0431	-2.36019	1.3418	25.3819	0.361057	-0.591473	90.1457
59.6565	1.35939	1.0987	40.7495	-1.0521	0.635381	94.9518
47.1512	1.0925	1.73474	33.5927	-2.35481	2.66241	87.479
44.0459	1.5498	0.666476	38.8387	-1.83718	-0.302817	92.0724
52.0502	-2.162	0.751127	38.429	0.973597	0.521392	90.0383
45.7186	-0.418023	1.30411	18.6142	-3.13648	-0.679825	88.6393
52.8961	-2.84836	1.96447	39.8463	0.0189894	2.16922	91.444
53.3209	-2.20085	0.278734	36.7956	1.16197	0.839989	91.5789
30.4261	2.83203	1.07026	25.2221	0.55927	-1.11229	88.7898
51.3373	-0.707233	2.41831	27.5752	2.1187	1.93037	76.5927
37.3463	-0.139618	-2.07436	24.6728	2.96612	-0.225673	88.5397
55.6804	2.23823	-1.69997	39.7112	-0.932303	-1.72314	94.0419
36.2282	0.869869	-0.735421	21.3444	-2.64316	-1.0288	55.2689
25.9041	-0.274757	1.29728	17.9356	-3.00401	-0.379235	58.5014
41.8245	-2.42891	1.00161	18.4663	0.496558	-1.0818	88.364
47.8972	0.50352	-2.12312	39.3643	-2.64214	-1.64245	89.3634
49.0483	-0.228966	-2.47902	27.4105	2.25262	-1.64069	76.2534
69.5815	0.642954	-0.491614	24.863	-1.79218	-1.53183	90.2158
72.5085	0.316838	2.48797	28.8119	-2.98111	2.29191	91.5752
53.6303	1.43308	-0.787694	26.3854	-0.845904	-2.45368	97.9553
51.7083	-1.2647	-0.332347	31.2393	3.06924	-1.81427	93.1151
74.396	-0.560009	-1.43848	21.6485	-2.18408	-0.286117	76.0182
72.5682	-2.12902	1.3803	30.822	1.80373	1.94439	91.3733
43.1207	-1.29571	2.38113	39.6437	1.43437	1.30071	93.54
27.945	-2.60482	1.26402	15.9789	1.22638	-1.74386	98.746
44.1856	-3.10409	-0.416096	38.7874	0.216192	0.488075	91.1043
31.9921	1.56321	-0.435324	30.5203	-1.75261	-1.71792	75.5973
49.6351	0.598958	1.2384	44.1395	-1.76912	1.67863	89.1527
71.8536	0.101451	2.67182	32.5574	-2.18366	2.43798	88.7258
40.4782	1.73621	2.25999	31.1362	-1.45343	0.869679	88.8439
37.6225	-1.50892	-2.27861	33.8798	1.35541	-0.774404	92.0422
46.7464	1.44936	1.92786	33.0731	-1.09906	0.889308	86.4807
40.7731	-0.364208	2.60058	38.5139	2.76432	1.64371	88.4983
44.6895	-2.72978	1.87981	35.1896	0.488136	1.41742	81.3851
46.2008	-1.47306	-2.29899	45.5397	1.40324	-2.1989	91.0481
45.432	0.00330615	1.48244	39.695	-3.00691	0.645526	92.3106
47.6162	2.42536	-2.24061	42.9219	-0.686226	-2.17418	90.456
33.1272	0.0366981	1.10841	32.7892	2.72961	-0.658986	92.2134
79.3962	-0.592876	-0.937984	41.7257	0.3785	-2.15859	92.0195
40.4065	-0.386107	-0.257299	37.9317	2.59386	-1.3836	90.8269
48.9953	0.112743	2.2431	42.0811	-2.93471	1.70731	93.9947
50.2172	2.15219	-0.375039	25.028	-0.792269	-1.82748	90.1677
40.8916	2.20044	1.56193	34.508	-2.19723	-0.107612	92.9079
47.9907	0.632926	0.518812	42.5381	-2.51856	0.250058	91.1804
41.6861	1.93584	0.633523	41.4034	-1.0042	-0.259333	91.1247
46.7683	2.70072	-1.25473	43.2889	-0.310449	-1.76218	92.7168
41.5766	-3.03541	1.00394	34.3884	0.0144377	-0.263699	91.2637
47.8499	-0.530578	-0.914453	38.2792	2.14704	0.0878796	94.5456
39.3148	-1.3731	1.78686	26.8237	2.8968	-0.0755563	88.6426
44.163	1.64725	-0.2902	42.5009	-1.72067	0.392891	91.228
43.247	2.92223	2.08603	23.6873	0.360481	0.245117	91.283
41.8711	-2.69802	1.1166	41.2476	0.287958	0.548049	86.2559
46.6358	-1.67396	0.726085	44.7544	1.54641	0.851297	91.4792
99.012	1.42293	2.0593	32.9492	-0.910803	0.780745	130.896
43.1961	-0.168699	-0.267783	36.3684	3.11467	0.847228	91.741
54.7939	0.587172	0.641005	35.2801	-2.08561	0.58237	85.569
46.3037	0.408757	-1.63589	44.2488	-2.76877	-1.32603	91.6034
54.5611	-2.26838	0.69278	41.5947	1.51637	0.587665	90.5322
37.8667	1.06401	-0.591055	29.8709	-2.06545	1.48877	107.031
58.8916	-0.26138	1.37526	46.3983	1.96464	1.48921	93.9705
27.7141	3.01917	1.79823	8.00525	-0.653347	-0.597358	53.2699
46.7668	-1.89752	-1.24662	43.3427	1.33007	-0.943562	90.9979
55.7584	0.291624	1.8174	27.0707	-1.83893	0.862794	78.1341
34.8946	-0.738464	1.80603	15.1699	2.41379	2.47661	48.6253
44.4454	-2.39243	-0.793051	42.0305	0.718852	-1.30345	89.2628
48.7659	-2.3521	-1.22312	45.6096	0.752934	-1.10556	94.47
38.5925	0.594006	0.0877689	37.3065	-2.46426	-1.12902	90.3162
59.7566	2.62442	1.95711	34.2553	-0.562281	1.43934	93.5141
59.9387	1.25701	0.713398	34.6785	-2.17937	0.659284	90.228
58.0098	-2.73248	-1.02364	44.212	0.187247	-0.594763	103.016
46.3611	-2.16747	-2.12206	31.1843	1.11641	-1.63858	78.0917
31.6959	-0.790088	1.03992	21.8274	-3.13088	-1.33582	92.0378
52.9693	1.85445	-1.70992	43.7567	-1.37703	-1.16113	99.8402
44.9423	-0.454583	0.400345	43.3935	2.84851	0.0817624	89.161
64.5901	-0.933527	0.144078	30.5138	1.99726	-0.420678	91.8794
40.4941	-2.94989	1.6254	37.5542	0.183322	1.81288	78.3352
32.6422	1.6296	2.1376	31.3454	-1.35041	0.424327	88.7686
48.0368	0.915272	-0.512961	37.9316	-2.22914	-1.55024	97.1141
41.8116	0.201801	-1.25331	24.7138	-2.51741	0.465028	88.495
40.6614	-2.03273	-0.647568	30.6709	1.63117	-2.22333	91.9173
47.8963	-0.65416	0.0937854	44.1062	2.3038	0.29655	92.012
42.7574	1.65077	1.75781	34.0779	-1.72428	0.245787	98.8208
47.7614	-0.316789	-1.21408	43.4248	2.88133	-1.24633	91.0586
30.7889	-2.49804	-0.298289	28.1012	0.647435	1.65595	89.2192
34.0189	2.31688	-0.703432	26.7151	-0.816023	0.836113	79.0558
49.1301	2.49526	-2.18295	33.0776	-0.591106	-1.21453	90.2355
43.3702	1.9078	0.561596	40.3734	-1.47003	1.35757	89.8664
42.3513	-2.42653	0.460834	31.7811	0.947856	1.91286	93.1885
55.1824	-2.89058	0.246241	25.6815	-1.20794	-1.41058	89.534
48.0802	-0.540465	2.02654	19.5137	1.80728	0.79801	69.2489
101.872	2.04412	0.777129	20.0536	-0.479289	0.551598	86.7166
46.121	1.12347	-1.46501	38.832	-2.9866	-2.64125	91.588
37.6542	2.51521	-1.90294	10.5812	2.96126	0.844648	74.3243
34.9699	-1.53819	-0.496077	32.1502	1.5442	-1.84318	82.8327
44.0869	2.20628	1.63233	41.3601	-1.35386	2.21943	87.3254
43.0524	-1.81699	1.0856	40.464	1.83916	1.76093	85.6869
36.9665	-0.0443348	1.92985	28.2111	-2.97811	2.59826	67.8978
47.9044	-2.45536	-0.950392	44.385	0.42861	-0.859393	91.5545
38.3718	1.12479	-0.64938	37.5306	-2.2379	-1.8485	89.5622
43.7279	1.28973	-1.76376	28.9628	-1.90924	-0.437625	87.3797
48.6642	-2.01923	2.61659	42.3548	1.1072	2.32209	91.7837
48.9582	-2.10129	-2.05515	44.8887	1.0293	-2.39331	95.1006
56.9751	2.18027	1.51377	17.2313	-1.50812	-0.324268	89.4592
34.3823	2.58364	0.346504	31.7775	0.0103079	-1.27992	87.253
39.2576	1.7626	-0.462071	35.0894	-1.40986	0.836348	90.423
29.9934	-0.0853552	1.54783	8.96201	-1.34547	-1.90266	91.1904
40.3819	0.695214	-1.57638	39.6949	-2.61834	-0.582481	89.9039
50.8176	2.79448	-1.28114	46.4208	-0.0989653	-2.11271	104.971
46.5332	-2.79307	-0.396009	41.9224	0.397216	-0.302661	88.4054
47.0311	-2.85156	-1.05986	46.4947	-0.204979	-1.36016	91.7632
63.5668	2.49727	2.03601	39.4535	0.695751	1.2566	88.1197
45.9518	2.44441	0.641224	38.8239	-0.550026	1.4461	91.1978
84.0748	-1.87363	-1.43333	28.5617	0.429864	-1.96139	93.2754
41.4752	1.95665	0.826071	39.4633	-0.964124	-0.174993	90.8261
46.9962	0.262067	0.0890857	44.9745	3.05017	-0.360628	92.8863
55.8086	-0.43477	-0.0891509	24.8796	3.11399	1.59101	101.291
48.3287	-1.18193	-0.846555	42.5073	1.90131	-1.61577	97.4011
72.1178	0.369726	0.992988	21.0939	-2.36389	-0.102539	88.6064
76.4128	-0.533523	-0.231902	27.4537	-2.40909	-1.31626	90.4029
36.3456	1.94378	-0.96611	33.7824	-1.39182	-2.23336	84.3535
159.745	-2.17438	-0.676398	45.9976	-2.76475	-1.52652	90.1409
36.3523	1.88387	0.839862	33.6424	-1.46093	-0.693574	91.2519
42.8593	-2.34995	-2.33397	38.9332	0.878457	-1.22218	94.5835
42.0187	2.31615	-1.21248	38.3351	-0.824307	-0.318239	88.4275
25.4904	0.137551	0.650754	25.3398	-1.91512	0.24491	44.7034
47.6941	1.68569	1.84795	43.1461	-1.66697	1.38499	92.6763
41.1578	-1.55982	-1.62553	26.4534	2.07711	0.0538486	89.2022
40.7735	0.197637	-1.77431	27.9162	-2.98292	-0.263438	87.6527
71.4495	0.258668	-2.17336	32.1989	-2.84215	-2.10994	95.9573
55.5749	2.94961	-1.61133	52.1636	-0.953642	0.6242	177.808
43.5068	0.711875	1.18211	41.8565	-2.68934	1.25532	84.6869
29.3342	2.78143	-0.123014	29.1695	-0.201073	-2.17952	92.1372
41.4131	1.51567	-1.94948	24.2911	-1.96918	-0.129674	90.9125
44.1676	1.62055	1.43645	32.952	0.253918	-0.317585	89.838
49.6136	0.302054	0.680187	42.3497	-2.6633	-0.627205	111.68
39.7743	-2.66854	2.43612	38.696	0.663837	1.50103	86.8753
47.8767	1.56184	-1.29686	30.7896	-0.823185	0.195156	95.0233
42.5093	-1.53513	0.491111	40.8242	1.77617	1.15295	87.6362
46.7752	-2.81105	1.95541	40.8675	0.233048	2.48716	90.452
65.1846	0.877358	-1.5823	29.5604	-2.01981	-2.19562	91.3279
28.8577	-0.807612	0.397392	7.05331	1.83607	-2.61019	66.9856
44.6763	3.031	-0.967318	25.7693	-0.526849	-0.732177	66.8762
78.2691	-0.354997	0.85724	74.8514	-3.13507	0.520359	152.801
113.778	0.798741	1.63947	20.3351	-1.57563	1.55344	89.3057
29.5049	-0.0472636	1.62577	26.0943	-2.57726	-0.561752	90.6053
51.1192	2.3555	0.956736	38.6276	-0.481184	1.47233	90.8457
39.8542	2.7186	-0.344443	31.6002	-0.361881	1.11612	90.7324
27.4838	2.63045	-1.95869	10.7963	-1.0005	1.3327	92.2541
44.6152	-0.725711	1.10428	43.7646	2.33533	1.01552	88.3912
45.3852	-2.0827	-1.69148	43.3092	1.08378	-1.6301	88.705
48.7925	2.18266	1.85759	41.1351	-0.160141	2.02301	82.8819
53.5117	1.35026	0.990518	37.65	-1.80218	0.976592	89.772
47.6881	0.905145	-0.712226	42.4982	-2.29091	-0.331843	91.6374
37.2763	1.58084	1.59014	32.4006	-1.64556	0.147546	88.3354
41.5009	-0.609592	-2.67356	39.1652	2.48884	-1.92079	86.3939
46.8092	0.512481	-1.11395	36.9197	-2.59416	-0.188144	92.1995
50.0553	0.260745	-1.33433	33.9316	-2.81847	-0.326997	93.0668
51.0119	-1.79742	0.892128	44.6956	1.84107	1.26101	94.2462
48.4506	0.550897	2.00499	40.2692	-2.77173	0.822819	103.922
27.9447	2.03935	-0.00665543	26.5115	-1.22908	-2.18065	89.8257
43.2433	-0.77498	-0.221737	40.3094	2.46575	-1.12976	92.1631
41.0196	-0.205939	0.574253	39.7985	3.10954	-0.42742	90.887
43.4637	2.70995	-0.056529	40.9414	-0.590263	0.849456	92.9326
48.5696	-2.25058	1.71813	35.7536	1.17498	1.26408	84.6834
42.5679	-1.17158	1.75381	41.2949	2.06949	0.725571	95.09
43.2318	-2.3416	-1.71119	38.4994	1.11168	-2.38426	85.3235
39.8503	0.534543	2.27567	24.3963	-2.99577	0.413366	90.6083
55.9216	-2.59785	0.762896	33.4049	2.96334	-1.01502	92.5528
51.1938	-1.61248	2.28718	48.8014	1.53132	1.97294	101.203
44.9613	0.228786	1.69941	43.7523	-2.53837	1.42432	88.0105
25.5438	1.75505	-0.840471	20.326	-1.48562	-1.32704	46.8731
42.9185	1.04026	1.00377	28.5983	-2.24295	0.705217	70.6769
58.9241	2.61703	1.75585	55.0334	-1.02632	1.3194	113.134
46.0038	-1.06839	2.08805	41.6796	1.69337	2.29776	86.4928
25.7233	-1.57547	-1.16528	24.2342	1.47651	1.32198	93.7647
47.7686	0.258062	2.45498	13.3674	-2.83668	0.0839812	90.4039
45.0986	-0.832996	-2.12172	34.6523	2.50114	-1.41256	83.7421
46.8975	-1.96514	1.60795	43.941	0.67289	0.922602	93.4756
37.6952	0.766865	-1.22495	32.7614	-2.0487	-0.52764	73.7218
33.1681	-2.24037	1.37009	25.9844	1.30774	-0.129073	75.0668
51.6293	1.90432	-1.54356	47.6772	-1.49481	-1.61916	98.4778
38.9804	-1.39882	-2.48646	33.0201	1.65385	-1.14154	88.54
34.0415	1.92065	-0.0262848	20.1575	-1.01429	2.26103	90.3926
49.5365	2.07173	0.436667	11.9408	-0.31317	-1.70339	77.1848
38.6713	-0.416765	0.115826	37.3758	2.61671	1.49419	94.7307
25.562	-2.50791	2.27671	25.0356	0.310348	-0.0555863	88.7037
53.347	-2.2422	-2.50834	41.4104	0.94738	-2.22748	94.9042
58.9954	-1.7704	2.69746	35.4285	1.11571	2.15483	94.1035
61.3226	2.80267	1.83553	38.9517	-0.46155	1.73424	97.689
49.5896	2.72745	1.31096	41.8024	-0.563476	1.04314	91.6258
36.2718	2.73074	-0.599279	34.8743	-0.730784	-2.17563	93.7122
59.1218	0.817339	1.74632	27.0579	3.10719	1.96182	73.3579
41.323	0.655304	0.890764	36.3643	-2.63996	-0.405392	94.2002
27.4798	-2.84784	2.35028	22.292	0.113498	0.971794	61.5705
60.9653	0.504097	0.314142	21.2601	-2.66859	0.379005	72.0327
54.2815	-0.452776	2.04141	30.5302	2.93275	1.12516	89.5664
41.305	2.63285	-0.198065	38.5497	-0.557683	-1.24197	90.9063
43.2329	-0.0227495	-0.188316	40.3029	2.90311	-1.19053	93.7576
82.9058	1.0298	0.64462	23.9466	-2.09824	0.202248	91.3005
42.8626	2.39793	-1.10914	35.487	-0.0695693	-2.31511	88.9521
47.6315	-2.48759	2.40657	43.3279	0.511952	2.39609	90.6297
51.3493	-3.07885	0.964931	39.4957	0.123093	0.508575	92.3833
37.4282	-0.522129	-0.132824	36.7665	2.91696	1.53049	100.765
38.6286	1.02273	-0.170957	14.3617	-2.70087	-1.68104	59.6733
43.5435	1.67887	-2.51806	35.6416	-1.35118	-1.42341	90.7826
77.1658	-1.19269	-2.33846	54.7815	0.302311	-1.68923	98.2831
54.7776	2.30904	-2.07485	37.2804	-1.78085	-2.67372	84.9718
47.4689	0.246511	-0.513508	45.9117	-2.88292	0.431824	103.991
74.8524	2.42862	2.01575	8.74876	-0.575453	1.68652	51.7564
45.5594	1.37657	1.74554	33.2259	-1.83172	1.55274	78.1326
45.3006	0.958459	0.333673	40.9596	-0.875289	-0.817764	86.1377
62.6443	0.31367	-1.64488	36.0206	-3.06919	-1.30009	95.7399
29.7853	-2.27799	2.22075	26.7158	0.47421	1.51562	58.9588
55.551	1.0172	-2.28661	42.7849	-2.76594	-2.08063	93.0755
42.6992	-0.206805	1.90463	42.0187	2.84013	1.64788	85.3201
26.8405	-0.928525	1.93328	21.0951	1.86184	2.27933	47.5831
43.2379	-0.339087	1.30013	21.1343	2.80604	0.982455	61.2224
35.9334	-2.48738	1.08608	34.4674	0.404565	-0.167867	84.2242
38.3974	-1.12323	0.675633	35.2977	1.90554	2.18066	95.3896
29.413	-3.036	0.940593	24.9212	0.0547865	-1.25811	90.2901
34.4019	0.762452	-0.50253	23.975	-2.33938	1.45928	87.3513
37.27	-2.57641	-1.15491	30.0264	0.595465	0.462256	89.9893
37.0785	0.509269	-0.839897	28.9745	-2.70407	-2.29175	83.5654
44.3475	-3.13882	0.193585	43.2771	-0.162191	-0.262639	89.6173
39.6675	2.4536	-0.39162	36.1377	-0.624064	-1.60518	90.0632
39.5052	0.486839	2.30329	23.8066	-2.57989	0.44378	89.781
34.1304	-1.70004	2.6889	25.3343	0.0324675	0.22332	102.612
40.5547	-2.14494	2.33393	36.4584	0.824678	1.03743	93.4034
49.0574	-3.12021	1.28058	45.417	0.151298	0.786253	97.1094
46.466	2.98546	-1.75809	42.6239	-0.0761043	-1.72365	88.949
27.618	-0.0186092	1.22068	22.052	2.61418	-1.14533	87.2357
55.4483	2.08006	-2.28198	51.8241	-3.07687	-1.09222	88.5792
46.6087	-0.771057	-1.24256	34.2697	2.45779	-0.60417	83.9659
39.5323	-2.28916	0.876324	39.2219	1.12307	2.16147	94.9873
31.3754	-1.07079	0.267964	30.661	2.49751	2.07836	88.2578
42.3729	2.04256	1.82891	7.53637	-1.23024	-0.0222959	52.1223
50.5289	-0.802611	-2.38253	21.3242	-0.923576	-0.16601	88.6821
40.2776	0.905634	0.728058	10.7204	-2.17231	-1.93928	84.3226
42.883	-1.59105	-1.39707	32.1175	1.44753	-0.569104	80.585
46.0585	-2.51189	-1.7564	43.0523	0.374515	-1.23388	91.4171
50.6429	1.06278	0.423564	42.6152	-1.51136	0.259953	89.5212
38.7813	-1.14713	-0.486729	37.3777	1.94717	0.807259	92.6297
45.7391	-2.18172	1.99975	42.1186	1.04685	2.22025	88.2347
77.0238	-1.3457	0.0972468	34.9343	-0.20689	-1.2666	94.6522
37.0685	1.93362	-2.17386	20.6645	-0.154841	-1.53267	51.1466
37.9726	-0.397064	-2.22462	33.7369	2.68712	-1.06426	83.9487
63.4938	-0.0079145	0.499854	60.6881	-3.05475	1.2618	133.139
33.0166	2.23276	-2.1688	31.8803	-0.717001	-1.39958	69.4683
42.7095	-2.82046	-0.681902	35.6519	0.322468	0.485355	91.7162
31.2588	3.07233	0.79316	30.9772	2.64652	-1.21037	74.4788
47.129	2.82983	2.21203	40.1179	-0.43746	2.65188	88.9087
47.5278	-2.56011	-0.48436	41.941	0.587669	0.0154787	92.097
82.9722	-2.29141	1.67943	49.5165	0.189264	0.196258	159.764
35.3818	-1.92357	-0.0512819	30.3758	-2.26355	2.16646	89.2398
33.3422	2.61444	1.11937	31.1278	-0.466879	-0.619183	90.3268
46.134	-2.1335	0.695779	37.989	1.13105	0.249359	85.6678
33.6554	-1.33984	-0.858304	33.4397	1.38023	-0.414603	67.3045
41.6839	1.46474	-0.510187	26.8881	0.697737	1.74265	95.7495
49.2054	-1.66645	-0.367788	46.2516	1.41229	-0.51549	95.6246
44.6912	-1.20653	-1.05908	43.5331	1.94676	-1.77834	93.9818
39.868	-1.99181	-1.20736	37.3503	1.10323	-2.32401	89.5041
39.3929	-1.38822	-2.08568	35.0019	1.65895	-1.06488	84.0773
50.6199	-0.32801	-0.663086	42.2525	2.59972	-0.384573	92.8698
54.6858	0.0784466	-0.264224	26.6658	-2.96896	1.47665	107.12
37.7688	1.24649	0.570838	27.4909	-2.07479	2.19645	86.7387
31.1455	1.32961	1.30259	13.3239	-2.87312	-1.38812	80.9366
45.198	-0.823537	-1.81802	40.1534	2.68281	-0.721318	97.1144
43.7369	-2.3855	-0.74829	28.9383	0.849499	-1.58214	77.3554
83.7602	-0.248888	-0.741889	24.7525	1.4235	-1.6819	80.8578
31.6696	-3.12849	1.30492	30.1117	-0.0482037	-0.11611	77.9953
40.6736	-0.546725	0.463405	37.9088	2.76585	1.49981	89.0644
33.5611	2.97449	-0.51448	32.2662	-0.623857	-1.38265	70.5572
56.1526	-0.173524	1.09461	34.4502	3.01017	1.56001	90.3385
33.2982	0.687083	-0.771386	24.2085	-2.58086	-2.25463	73.0405
40.8781	-0.352868	0.699109	33.9732	2.6734	1.09064	75.8433
38.8617	1.45555	-2.41923	33.7273	-1.8073	-1.19839	86.2097
47.0894	1.87581	1.57008	39.0049	-1.36017	2.21528	90.1222
33.652	2.08373	-0.375468	32.9001	-0.870472	1.25432	89.6776
48.3519	1.79612	1.68092	47.0855	-1.8123	1.49389	93.2703
44.6793	-2.28291	-0.709956	16.9276	0.448968	1.49709	91.349
25.8407	2.64671	-0.479565	21.0673	-1.03485	-0.0226242	46.242
29.4915	1.59817	2.17119	24.6715	-1.45875	0.0698087	86.5385
26.715	0.368152	-0.661934	19.143	-2.41011	2.04355	92.9605
57.5091	0.463601	0.122518	21.2102	3.05104	-1.43096	89.9968
53.9843	-1.67042	-2.27171	43.9573	2.029	-2.22788	93.6863
51.7605	1.39286	2.58671	27.2369	-2.29039	1.92678	76.63
60.4399	1.90731	-1.28153	27.3642	-1.77392	-0.0803815	93.9824
38.0005	-0.767452	1.97743	22.0563	-2.87587	-0.149809	89.3971
41.4226	2.67947	1.8958	41.0094	-0.557682	2.3896	84.8649
42.5461	-2.08838	-0.288782	37.776	1.05711	0.843411	93.3745
46.1525	-0.351054	1.16704	43.2388	2.8092	1.41642	90.0354
40.7756	2.66114	-0.828114	38.5532	-0.661353	-1.69955	86.6493
43.6911	-1.66496	0.338061	34.2307	1.00667	1.60716	91.6949
48.1186	-0.864622	2.49306	45.2257	2.25466	2.32623	93.6184
99.4599	0.42024	-0.99078	50.8186	-1.85455	-1.21836	130.057
35.4174	-2.95066	2.66333	28.9982	0.6666	1.05762	84.5477
55.3795	-1.65422	-1.00284	39.8635	0.640048	-1.64447	90.9865
54.2765	-1.34841	-0.507475	36.1947	1.74173	-0.0652817	90.7928
44.2625	-1.1941	0.808324	35.9199	0.732917	-0.643533	90.9488
50.6436	2.04626	-0.869186	29.3996	-0.467311	-1.24239	74.8146
31.7126	-1.40303	-1.84086	14.9985	0.899423	0.9063	89.9178
42.8434	-1.73583	0.411374	42.0267	1.24961	-0.225802	88.9637
36.0022	-3.0001	-0.260542	33.8584	0.427661	1.26957	90.7348
58.5778	-0.595816	-0.832909	56.5969	1.21723	-0.855411	90.6804
45.1956	-3.05504	-0.462086	32.0787	1.24083	-0.0747327	65.5213
46.1598	-2.99925	-0.776124	33.6734	0.0305715	-1.57897	85.1756
55.4577	-2.50063	-1.82804	43.5849	1.20177	-1.65511	94.8707
41.935	1.44896	-0.733434	33.8619	-1.67246	-2.04615	92.1879
46.3105	1.97569	-1.15455	40.1046	-1.21047	-0.681046	88.598
44.1563	-1.18559	-0.0797823	36.983	1.89865	-0.723643	85.0145
44.4318	0.360117	1.32042	39.6996	-2.93017	0.429356	92.2631
38.8277	-2.64248	0.0406448	38.4841	0.562028	1.12436	88.908
83.7357	-2.47717	-0.63189	14.6983	-2.43543	1.45595	87.306
34.9478	0.419722	0.292882	30.39	-2.79195	-1.40567	90.1026
51.663	0.759737	-0.267562	41.8129	-2.37248	-0.367428	93.0704
40.5613	-0.588532	-1.18142	27.2406	2.90321	0.45838	89.3586
35.6632	2.12508	1.42626	30.7687	-1.4179	-0.295253	91.3981
39.5965	0.147868	0.576311	35.6471	2.08862	-1.22648	99.0772
43.6755	1.40477	-2.45307	36.2365	-1.7348	-1.70922	85.1318
42.4208	-0.00265132	-0.58507	35.1922	2.78078	0.130469	81.1146
35.0035	-2.38034	0.344954	34.0865	1.23285	-1.20004	89.2957
56.9734	-0.573903	1.21154	41.7469	0.501455	-0.204979	90.1174
110.541	1.45843	-0.194684	26.8136	-2.26692	1.94397	174.511
47.2829	-2.98796	1.78642	40.6196	0.326013	2.03206	87.9885
50.4395	0.318976	-0.60793	40.6638	3.07314	-0.16867	91.1174
46.8204	2.07739	2.22688	43.5582	-1.44448	1.85003	90.3291
33.4079	2.62539	1.18882	31.006	-0.203716	-0.484702	87.6793
46.0714	2.99067	-0.557849	43.9812	-0.231594	-0.193887	91.4511
46.1042	1.23325	1.11922	42.6729	-1.98025	1.79864	93.8248
42.3938	-2.12743	-1.31182	41.8718	1.05866	-0.90505	85.9924
52.4646	-1.69255	2.12278	49.0589	1.22364	1.52635	105.396
52.7273	3.01278	0.799338	38.5206	0.523675	0.0592622	91.9458
49.9961	1.94367	0.545652	22.4966	2.28344	2.58644	81.7437
64.4743	-1.81171	-0.978527	31.559	1.00137	-1.1638	89.3946
43.698	-2.1558	-1.94002	42.3655	1.00277	-0.980069	96.1544
60.6168	-1.21074	1.65153	35.5432	2.40451	1.91132	91.0488
44.2014	-2.88273	-1.62046	39.6104	0.439761	-0.938069	88.2816
88.7245	-2.41919	-0.166954	10.41	2.83431	-2.45508	90.8067
42.7957	-2.88793	-0.430422	36.7986	-0.197076	-1.56629	90.7998
37.8363	-0.027283	-0.584909	28.1419	-3.05739	-2.2915	90.4251
40.3103	0.57453	1.18671	32.7624	2.14584	-0.599616	90.0208
54.4989	-2.38219	-0.586991	24.7355	1.12734	-1.12249	74.8843
45.4391	2.8376	-1.20355	42.2659	-0.408658	-0.538128	92.4301
69.6136	-3.0257	-0.470528	27.0674	1.06023	-1.55501	91.7601
37.5201	-0.836206	-1.83551	37.1248	2.1958	-0.698257	86.9441
32.9534	0.689376	-1.84538	32.1212	-2.40813	0.580155	119.073
45.3736	0.877409	0.735712	33.9495	-2.45246	0.149552	81.5584
40.4145	-2.92527	0.664223	34.7124	0.0999715	-0.488821	87.5998
45.2857	0.500127	-0.605682	43.9603	-2.44689	-0.176499	90.8864
51.208	3.04988	0.430872	33.1954	0.551836	1.13568	83.6624
41.8089	0.497204	-0.819531	31.8987	-2.67777	-0.0117313	79.0679
29.6339	-0.687746	-0.313892	19.8574	3.02994	1.32529	64.2829
97.2653	0.511045	-0.0946618	24.2738	1.73561	0.287786	58.8991
51.2364	-1.64907	-0.781973	43.8878	1.61332	-0.59056	95.1024
54.6562	1.22047	-0.848744	29.6628	3.04593	0.604276	90.1582
44.4411	-2.85665	1.98992	34.5281	0.359912	0.617601	97.4783
36.6751	-1.45907	-2.51367	36.5134	1.61071	-1.32746	86.4031
34.4202	0.804453	1.55719	26.3377	0.716523	-0.387477	68.2754
29.1698	1.91791	-2.40279	25.9509	-1.31947	-0.271183	89.314
66.27	-1.18798	1.52962	38.6149	1.29188	1.66467	95.9299
39.8096	-1.77907	1.24171	39.4249	1.27118	2.30248	90.5696
47.9075	-3.03039	-0.850061	33.1711	0.268182	-0.835443	79.4848
38.4225	-3.13446	1.72101	10.1051	-1.4804	0.139735	45.0762
26.7137	0.889871	0.677077	22.2125	-1.95928	-1.75198	89.0077
40.0244	2.69075	-0.495161	30.0487	-0.559081	0.961422	88.5018
52.1932	-3.08091	0.532605	27.7629	-0.121167	1.91213	94.7209
37.1492	3.06273	-2.23473	36.2107	-0.0803348	-0.969601	88.5256
50.0523	1.37182	-1.33062	44.7369	-1.40948	-1.5678	93.7857
58.0052	-0.969932	-1.92238	23.5095	2.86161	-0.460875	91.107
39.6949	-1.22406	0.726812	31.5105	1.96155	-0.553248	85.7081
62.9565	-0.151799	-0.178527	29.136	2.21622	1.21158	102.209
43.8035	0.546274	-0.452913	40.9554	-2.43209	0.479728	93.8357
29.1398	1.07039	-0.850384	20.7917	-2.12675	1.65418	93.1347
44.4715	0.458365	0.156159	18.2899	-3.00827	2.19802	88.9618
46.3503	0.23756	2.01996	44.9966	-2.89289	2.17678	91.6164
44.9371	-1.42285	0.204287	7.94237	1.75823	-1.33381	49.5135
30.4767	-1.34649	-2.26596	27.2203	1.83897	-0.330297	86.7479
27.1133	0.346795	-0.56996	21.3815	-2.11356	1.97681	91.3603
33.0034	-1.97054	1.36543	25.9271	0.947888	-0.649703	90.5655
58.4353	2.30582	-1.93404	13.888	-2.12704	-0.964285	53.813
49.0477	-0.650859	-0.872585	43.9813	2.5524	-0.731732	93.0773
31.9564	-0.0485027	-0.175483	29.7873	-2.86613	-1.94258	86.8308
45.3683	0.194576	2.36925	42.8785	-2.87778	2.07085	89.1431
35.306	-3.0473	0.347226	21.3331	-0.478791	0.774494	53.96
53.6376	-3.10794	1.2027	31.9374	-0.137403	0.362591	89.9111
51.3798	0.12525	1.50312	11.7098	2.98996	-0.521432	76.1119
44.7744	-1.85386	1.12168	42.0655	1.29373	1.23105	86.9271
31.14	1.41236	0.113342	30.051	-1.49501	2.03995	91.5537
61.5857	1.01142	0.887905	34.0799	-1.88404	1.189	91.9814
32.6093	-0.27006	-0.206809	23.2348	2.97251	1.97075	90.9931
44.1162	-0.0603948	-2.20411	39.2018	3.07383	-1.06965	96.9155
38.7786	-0.989031	0.299588	25.8051	2.67719	0.746495	62.7438
31.9805	0.586001	1.67711	14.872	-2.21856	-1.00908	88.9385
25.7249	2.69815	1.09858	19.9658	-0.636588	-1.54916	91.0929
50.0827	-0.825845	-2.04073	39.0292	2.18996	-2.46592	90.2586
38.4395	1.80512	2.00406	34.8586	-1.29625	0.888149	84.8922
46.8869	-0.415393	-0.346416	45.3868	2.42888	-0.725094	92.9207
52.076	-1.89093	-1.95075	33.6046	1.48472	-1.26737	88.0575
56.0548	1.9251	1.46478	36.7166	-0.0771189	2.33762	86.6467
69.8364	-1.43712	0.956336	30.9202	1.17161	0.500751	92.1664
44.0686	-2.9121	0.164591	29.1327	0.396485	1.44891	86.7459
52.1607	-1.63133	-2.09218	35.6708	0.883015	-1.64857	84.2989
53.1472	-1.3521	-1.49671	35.4562	2.28666	-1.05424	86.35
50.7498	-1.56636	-0.270139	38.9697	1.63051	0.126046	90.6602
43.789	2.73765	0.154587	18.6084	-0.257875	-0.786814	63.3963
43.8205	2.66695	0.143283	18.0191	-0.708471	-2.06669	93.9176
42.6569	0.675464	0.0781963	37.8964	-2.60413	0.275752	80.6148
35.6503	2.27312	-0.274224	25.3667	-0.901789	-2.18984	89.9012
56.5732	1.88343	-0.13371	24.8582	-1.33376	-1.32145	88.5754
79.4629	2.61034	0.00346609	32.6807	-0.757794	0.457685	103.923
39.2453	1.03482	-0.562	36.1263	-2.34559	-1.85325	91.1144
45.0377	-0.111688	0.5962	41.0185	3.01361	1.3069	91.4444
45.1891	1.67691	-0.897613	29.435	-1.12439	0.569382	92.6404
37.6845	1.47325	2.04355	25.1891	-1.37357	0.296395	86.1914
67.686	1.3652	1.27661	37.0557	1.97887	-0.146736	83.1536
59.1205	3.02935	1.53839	43.989	-1.13643	1.05832	92.2815
49.9403	-3.12308	2.00698	40.1822	0.0365398	1.9367	89.6443
89.8551	0.154785	1.32177	37.1008	-0.893594	0.301568	84.3911
31.2197	0.0408242	-1.44164	18.6221	3.03242	0.950802	86.9667
46.4398	-2.50362	1.11715	42.3929	0.39206	1.3689	88.7798
43.2091	-1.45725	0.699982	42.7484	1.7667	0.139534	89.2831
56.3754	0.992521	1.04746	35.133	-1.50536	2.09417	97.4952
77.0822	-1.53616	-0.889239	28.7911	1.16218	-0.769051	92.0885
49.8836	1.36272	0.190498	33.9219	-1.75563	1.00155	89.1241
58.4313	2.3445	0.552928	20.133	-2.80635	2.55144	88.5447
42.8473	-2.83584	-1.81219	37.3678	0.670421	-0.352138	101.283
37.0963	-1.72304	0.773316	33.9636	1.21954	2.05937	85.8913
55.9446	2.60957	-0.377763	24.1842	0.0939631	1.11479	92.2802
30.1219	-1.24326	1.71307	27.9141	1.71761	-0.0980887	83.2795
43.1671	2.98756	0.48958	36.0681	-0.33747	1.26738	84.6519
48.9539	-2.5714	-0.0447329	31.337	0.499987	1.99611	122.751
67.4987	1.19059	-0.955885	23.482	-2.3992	0.178718	91.0816
41.5183	-2.71589	0.4817	39.4473	0.208001	-0.410076	88.6845
40.2199	-2.65643	0.694778	12.8194	0.424449	-1.79536	85.3912
48.5492	0.410609	2.02201	36.6422	-2.64285	1.11423	93.1206
53.856	-1.55025	-1.26658	45.3817	2.52362	-1.45631	88.8242
41.5894	-0.808418	-0.310094	29.8613	1.88963	0.655981	77.3264
28.8376	-0.543121	1.08239	18.5269	2.79315	-1.44368	88.1572
44.3669	1.6787	-0.363603	35.2333	-1.56073	-1.38326	89.4922
44.4429	-2.37911	2.28329	42.8817	0.336723	1.71863	88.9203
28.065	1.99993	-0.334041	19.7856	-1.45261	2.27597	93.003
36.3427	2.69402	-1.29493	14.3359	-3.07553	1.55792	90.3061
43.8675	-1.24251	-1.4122	38.9394	1.7811	-2.17606	88.6286
47.9551	-1.11325	-1.9037	33.4416	2.32332	-0.767614	92.6205
34.8953	0.535123	-0.588189	33.9165	-2.64049	-2.12215	90.0465
44.1135	-2.69752	-0.150154	27.5616	-0.157235	0.98908	78.6959
57.3922	-2.78623	-1.80465	40.7055	1.37752	-1.04539	92.3137
47.4921	0.307227	-1.10936	32.7017	-1.40828	-1.36144	60.4423
44.6341	2.94601	2.16112	36.8142	-0.545909	1.1101	91.4416
47.7056	2.29952	2.57894	29.8374	-0.607738	1.61831	83.8663
47.3555	2.03753	-1.35361	29.242	-1.12343	-1.70586	75.5789
34.6107	0.510753	0.422245	31.4693	-2.55622	-1.39849	95.2669
55.0603	-0.600844	-2.43431	39.3496	2.35495	-2.50671	92.7534
41.4679	2.83038	-0.687468	35.6378	-0.317014	0.562373	92.3925
39.0579	-0.103354	-1.63291	35.7462	2.88604	-0.316355	91.339
41.5074	-2.56883	0.433356	37.8514	0.855434	-0.70474	91.7829
57.6345	-2.34474	-1.24114	46.8492	2.2081	-0.250193	95.5713
51.8353	1.69608	0.337254	35.0985	-1.62618	0.555607	85.4707
44.3195	2.80234	1.87867	37.6741	-0.250355	1.04627	88.8306
29.4011	-2.76265	-0.669309	26.5055	0.422284	1.54923	93.8435
45.9711	-1.12665	0.495021	45.2315	1.55129	0.636379	88.994
57.2559	0.491142	-1.28002	13.3287	-0.381848	0.0752726	46.6421
41.0929	0.565786	-0.251895	33.4559	-2.59325	-1.56325	90.674
41.833	-3.01653	1.23769	40.0488	0.167496	1.33106	81.9331
40.0132	-1.40578	-1.55296	38.7042	1.72903	-2.48418	87.3928
62.9066	-2.41181	0.737762	28.2025	-0.2562	1.06096	75.4586
47.5696	0.260271	0.629097	44.1774	-2.88873	0.600472	91.6931
50.7731	2.52145	-2.38294	45.2931	-0.275567	-2.27344	94.6358
38.6456	0.903043	0.911813	27.0327	-2.81854	-0.977966	93.9109
35.7807	-2.00469	-0.109817	31.1191	1.10134	-1.72849	89.8062
48.9839	0.709875	0.491988	44.4035	-2.52562	1.25245	100.003
40.0678	1.36934	0.33231	20.2234	-1.56383	2.08897	80.1221
47.1811	-2.43146	-0.19438	39.9196	0.675583	0.0524888	87.4467
38.3265	-0.80571	1.05408	35.0404	2.3935	1.52156	75.2749
92.7625	-0.244541	-0.17721	46.5444	-1.9836	-0.364495	101.159
44.0639	0.776819	-0.629749	41.0947	-2.6721	-1.46894	91.7896
38.344	-0.611959	1.67555	22.2808	2.7427	-0.340034	90.5305
36.2158	-0.907754	0.535585	32.6957	2.55275	-0.971826	88.6414
45.8409	1.24309	1.61442	35.4187	-2.17302	0.417609	94.814
40.637	-1.26799	1.54819	37.657	1.82298	0.577161	87.6186
35.0204	0.371947	0.642312	32.831	-2.93156	-1.12739	95.9863
41.541	-0.698145	-0.779962	41.4957	2.64647	0.442606	98.6818
27.2438	0.850135	-2.21844	25.7466	-2.35737	0.308625	101.171
44.7014	0.563269	-0.597554	41.6319	-2.64578	-1.39474	93.1783
37.5891	-0.542047	1.40108	29.9382	1.22619	-0.599779	94.4251
46.5591	-0.490017	-2.35532	37.7704	2.71965	-1.82916	86.7425
49.2782	1.6956	0.798818	15.4234	-0.455326	-2.11027	121.712
53.0739	2.26811	0.516724	40.0363	-1.53254	0.247081	88.1188
34.4072	-1.04029	-0.985695	31.6088	2.17858	0.650916	89.2634
35.9452	-2.44084	-0.58704	33.64	0.919955	-2.02337	87.9376
46.44	-1.09654	-2.41271	41.7754	1.95786	-2.27924	88.2048
28.6509	-0.238683	-1.55254	25.3829	3.0891	0.584934	87.6397
44.7186	-3.1269	-0.212089	43.4249	-0.074553	0.229756	90.2079
42.6967	-1.95152	2.07391	35.5325	1.18317	1.68754	79.3582
45.9208	-1.8532	1.27082	43.5455	1.50305	0.921791	90.2934
71.2522	1.56042	2.03676	26.6647	0.498861	0.860426	69.9564
30.9446	2.67221	2.07611	23.6934	-1.0675	-0.213958	92.3401
35.593	2.58916	-1.9062	17.6164	-0.178718	0.493049	90.1722
42.9545	-0.34458	0.289587	33.129	-3.11121	1.6156	91.5716
43.121	-1.42975	1.6163	33.9358	2.17047	0.19517	95.0705
37.5973	1.98359	1.6155	25.8351	-2.12713	-0.272104	87.5266
60.4102	-1.98844	1.29283	37.002	-0.348516	0.247527	86.3277
89.0378	2.58194	0.259813	60.7305	-0.230306	0.050677	145.895
48.9208	-2.68962	0.324211	41.375	0.235526	0.754993	91.5609
36.7312	-0.142201	0.952678	32.2989	2.81709	-0.615765	90.963
39.6129	1.3954	-1.63142	36.9564	-1.52082	0.165966	109.223
36.5477	-2.6222	0.945401	35.9955	0.743412	1.88474	80.2818
46.0676	0.785688	-0.374449	23.7077	-2.98317	-2.14095	91.3491
42.2742	-1.3575	0.739349	41.5746	1.50492	-0.226919	93.0952
127.55	-3.02862	0.420402	70.0531	2.31886	0.156297	88.8576
29.3081	-0.995476	-0.17842	27.6051	1.91072	1.87925	89.498
47.1976	-0.211379	-0.61466	44.9544	2.80631	-0.604043	91.9493
35.7014	0.656833	-0.326073	30.0693	3.01924	-2.11992	90.3364
35.9856	-1.75099	-0.1759	25.869	0.957456	-2.59182	110.45
43.5706	-2.72131	1.21562	43.4649	0.251736	0.821526	88.4276
31.1369	1.67922	-0.289292	19.283	-0.969716	2.01826	84.5682
28.4333	1.24986	0.819324	26.3095	-1.5735	-1.31486	88.492
53.3657	2.52526	1.60179	43.6426	0.37399	1.70763	85.0806
56.1551	-2.49997	-2.20017	36.863	0.960999	-1.86559	91.1304
57.8381	1.37771	-0.162637	35.4416	-1.41903	-0.58496	91.2644
35.9636	1.25549	0.371485	32.3316	-1.78717	-1.20071	90.3151
33.5355	1.54096	1.27912	26.7184	-1.4386	-0.633933	89.276
51.3388	-1.18723	1.14731	42.3388	2.12155	1.25629	93.0576
58.6294	-0.322354	-0.567398	44.7869	0.931192	-1.51451	78.4234
39.8467	-1.57635	0.108412	20.1528	1.60145	2.1764	89.7639
45.8162	0.464958	-0.886404	40.2355	-2.57726	-1.52186	90.1406
49.729	2.0539	0.167697	44.9299	-1.17816	-0.270701	96.7231
44.7362	-2.89334	-0.465358	41.5179	0.335285	-1.04237	89.728
36.317	1.45511	-2.50685	34.5726	-1.78234	-1.01555	91.4361
44.2438	-1.16984	0.253933	33.0167	2.03868	1.41689	89.695
40.0957	-0.677916	-0.653382	38.3957	2.37183	0.554553	93.1563
25.93	1.21667	-0.0920936	23.781	-2.02518	2.22564	86.8814
53.3611	-0.024356	-1.9223	41.1751	3.03401	-2.10016	94.0376
52.0358	2.76427	1.07966	35.1047	-0.30769	-0.166806	102.582
36.5573	-0.792377	0.483563	30.5775	1.94861	0.717929	65.9999
42.5401	-1.70919	-0.891666	29.6321	1.05921	-2.38551	90.8037
55.2282	1.37042	1.19464	36.5627	-0.832858	2.10237	90.5938
53.1975	0.804368	-2.28573	38.3516	-2.64349	-2.50285	89.8193
48.1754	-2.94316	-2.08245	43.3144	0.180392	-2.36535	92.2724
47.0502	0.642127	-0.562779	11.4899	3.05179	-0.821665	43.8397
158.455	1.77979	-2.31255	14.4345	3.10143	-0.898118	94.0106
44.4331	0.484932	-0.591406	35.8483	-3.1023	-1.66244	89.8273
37.1895	-0.146892	-2.02804	22.0006	-2.94245	0.105015	92.425
26.428	3.11512	2.0783	17.4241	-0.0806323	-0.707268	91.717
37.0391	1.66773	1.95577	36.3597	-1.1248	0.597198	90.0935
36.744	1.6244	-1.24528	34.988	-1.5574	0.0823187	88.0864
40.5963	-0.0942842	0.175457	24.5468	2.09864	2.03588	87.8665
41.7064	1.08904	0.35239	38.893	-2.42487	-0.62794	89.1846
47.751	-1.94773	-0.795878	38.5098	0.889831	-1.36597	88.3224
54.3216	1.60481	1.09063	33.7351	-1.9244	1.06692	84.0197
43.8593	0.301434	2.20654	42.3546	-2.93394	1.97839	86.6681
65.2508	0.726965	0.149543	39.8885	-1.24994	0.769276	91.0712
48.9161	0.367484	-2.52939	36.6085	-2.99488	-1.88217	88.6156
36.3421	-0.201061	-0.897887	24.945	-3.12163	1.02663	90.0716
65.4483	0.921556	-1.7844	30.4761	-2.40494	-1.78928	88.941
31.1651	-0.243832	-0.30985	27.8539	-2.31005	1.88179	93.2279
37.2792	0.674676	1.57283	14.6406	-2.40346	2.29179	49.7539
180.758	0.587338	1.99797	10.2307	-2.44076	1.92107	85.9316
45.7558	-3.12755	0.695503	39.8322	0.119534	0.635096	85.303
37.3067	0.856438	-2.32171	34.7434	-2.28789	-0.770606	94.7665
46.2342	0.864379	0.324304	44.6163	-2.1231	0.553892	91.1674
60.0117	-1.25492	-1.84666	32.2988	1.78665	-1.3861	90.2901
49.6187	-1.60994	-2.58021	42.1005	1.50861	-1.92584	96.3413
36.4048	-0.191987	0.164363	33.868	2.97039	-1.44014	94.0621
35.0412	2.04775	-0.568739	34.6763	-0.735004	1.01172	91.8015
31.3201	-2.64667	-0.496475	28.0627	0.54616	-2.19754	82.0504
74.3673	2.81515	-1.63137	44.0629	1.37339	-0.755742	91.5831
30.3318	-1.60437	0.589511	30.1858	1.473	-1.28298	89.0147
38.106	-2.94613	-0.159269	34.8012	0.166123	-1.54889	91.1251
59.9722	0.873947	-0.423099	41.1648	-0.864397	0.567189	91.5769
52.4221	3.08973	-2.36558	38.7185	-0.04435	-2.30675	90.1429
50.4828	1.77534	-1.73186	17.1501	2.32222	0.58821	86.1199
32.6719	-1.22503	-0.772624	26.7917	2.22412	1.2408	91.3275
45.3431	-2.05355	-0.0409207	37.197	1.12007	1.4062	104.584
44.4603	0.963587	1.24628	34.459	-2.58909	0.310333	85.533
53.9267	-2.59195	-0.255229	47.8962	0.493937	-1.53001	122.968
70.6215	-2.35265	-2.00223	22.2087	0.212597	-0.588407	97.264
48.6965	2.01874	-0.316727	43.0349	-1.25882	-0.93123	95.7104
47.3999	-0.734404	-1.27231	29.1079	2.12998	-0.82803	75.4344
46.1407	2.29909	-1.15279	43.1911	-0.783544	-1.22088	89.2961
46.6157	-0.963494	-0.214366	34.3834	2.4746	-1.20532	89.3218
45.3462	0.614096	-1.43854	34.76	-2.37557	-0.357762	91.0831
52.7468	2.19229	1.37345	38.4531	-0.791945	1.37233	89.7942
40.6354	1.38415	-1.26793	34.4704	-1.38573	-0.168479	85.3365
42.9756	-1.22548	0.0534772	35.4336	2.23071	-1.33412	96.8263
44.2009	-2.99709	1.91868	43.5346	0.141333	1.37325	91.0158
34.2732	1.75059	-2.31327	32.9587	-1.38004	-2.14837	67.4467
36.2055	-1.60832	0.249502	32.2928	1.47558	1.72899	87.9446
47.2424	0.251706	2.26118	38.0683	-2.60757	1.62104	88.3958
33.0848	-2.83404	0.0744775	26.2617	0.307404	2.15649	93.8876
48.8917	0.554297	-0.903964	41.0709	-2.82808	-0.469117	91.1151
48.2057	2.84026	0.384363	39.1434	-0.0919684	-0.370407	92.6946
38.0807	1.37422	0.82929	37.0047	-1.89863	2.00054	88.1867
43.7806	2.21323	-1.26489	28.115	-2.86363	0.403147	76.6848
33.3789	-1.75497	-1.65208	14.9702	-2.78929	-0.225228	41.1175
30.2349	-1.64437	1.27913	26.9836	0.433337	-1.0009	94.0857
41.0959	-2.29801	-1.00127	35.8789	0.851222	0.191574	90.8663
37.0077	1.66588	-2.41826	8.53538	-1.11135	-0.323249	56.5315
139.469	2.5776	0.374157	71.3225	-0.276612	0.66612	199.568
25.9025	2.32838	0.278506	25.2048	-1.0794	-0.0966962	51.5604
41.3951	-2.33856	-1.11922	10.6191	0.0815657	1.67314	88.6613
34.1053	1.16011	2.5296	33.2845	-1.27698	0.676763	95.6446
61.0616	-1.03975	1.99158	40.917	1.08924	2.32956	89.0601
69.1738	-1.53895	-1.71147	14.9518	-0.766552	0.632007	96.9129
46.3296	2.1401	-2.37408	42.9498	-0.97953	-1.8924	91.8102
34.8237	1.04405	2.33085	32.9808	-1.91648	0.800859	88.3864
35.5404	0.583344	0.483009	32.2193	-2.51107	1.78261	82.4609
41.2241	1.84333	-1.9944	40.2774	-1.16645	-0.993689	91.7553
41.1428	-1.19816	1.21599	37.7182	1.76527	2.34758	91.4693
38.9158	-1.97986	2.13367	38.3972	0.896396	0.862245	92.9051
41.1056	-0.0737718	2.13788	38.5025	2.86958	1.16101	88.8989
46.2128	-2.2222	1.53662	38.6492	0.901641	1.65076	84.6586
45.5146	2.89346	-1.45735	42.2687	-0.213264	-0.970939	90.3175
35.9108	0.157585	-0.381618	29.3909	2.13311	1.62512	93.9393
86.8718	-0.107197	0.534729	38.8319	-1.52355	1.52316	96.3431
40.1293	1.53551	1.48671	34.9613	-2.10143	0.197053	89.1623
41.9022	-2.5949	-1.52334	37.0451	0.592253	-0.481374	89.7176
40.0411	1.29802	-1.06753	33.537	-1.7071	-0.139591	81.1674
52.1003	2.38802	1.19025	42.199	-0.136492	0.844399	90.8237
34.4603	1.83471	-1.37629	32.685	-1.52137	-1.87237	68.8233
53.1584	-0.837537	1.03646	37.0166	1.73629	2.03899	96.9666
45.3149	-1.93922	-1.99764	33.8852	1.43489	-0.9258	89.4368
48.7593	1.37281	-2.30495	40.2497	-1.67912	-1.85464	90.7699
47.0101	1.65272	-1.73784	40.6827	-1.44305	-0.834773	96.5121
47.1907	-0.271356	0.663038	42.7267	2.86808	0.904508	90.4618
54.4796	-0.621786	0.952629	40.3766	2.27072	0.27767	98.5077
30.9504	-2.67777	-0.693891	30.6651	0.0275263	1.34149	95.4454
50.4479	1.44163	-1.94004	37.8755	-1.85527	-1.24357	92.5304
43.0374	-1.03802	0.623739	26.3571	2.52526	1.47554	72.1988
58.7632	-1.28802	2.33836	29.6506	1.74878	1.46951	91.3812
69.0077	2.35399	-0.469307	30.2067	-0.890333	-0.466496	91.1921
82.9133	2.05166	-0.708886	25.0313	-0.445777	-0.787525	86.5028
71.4012	0.069896	1.30876	70.1423	-1.03921	1.30441	74.5293
58.7884	2.09083	0.887938	36.3348	-1.43244	0.871331	90.7603
55.2211	2.27146	1.2867	21.5566	-1.01306	-0.277531	91.0736
56.8627	0.680355	-0.79821	32.0472	-2.8626	-0.0218968	90.2997
42.3969	1.95399	-1.16228	12.784	-0.0286609	1.48211	90.0061
33.8206	2.04199	2.17889	28.8352	-0.851652	0.386279	88.9355
40.7566	-0.416249	-2.23102	19.2935	-2.96942	0.294463	105.82
49.9861	-1.60642	-1.55829	33.4005	1.37825	-2.38769	88.6175
41.964	-1.97396	-0.479334	40.3915	1.17446	0.233113	87.6199
29.9866	-0.571405	0.305243	29.005	2.60984	-1.6875	90.7577
45.8469	2.37028	-1.0666	40.0229	-1.2385	0.131463	99.5524
48.936	1.0624	0.62691	46.2365	-1.99852	0.447652	95.4396
54.7258	2.09797	1.8726	37.473	-0.738358	1.96399	89.6129
28.3832	-1.41382	1.46882	26.9075	1.76613	-0.721983	91.8763
47.2857	2.38498	-0.312623	44.0339	-0.823206	-0.560421	91.9128
50.8948	0.935069	1.0394	35.3909	-2.47438	1.73525	89.3549
43.6751	2.80017	-1.0689	42.2411	-0.184472	-0.629458	87.7281
48.3853	2.54766	-0.620849	44.6253	-1.10125	-0.69741	90.0311
59.3226	-1.34365	0.533315	39.4646	2.31529	0.579832	93.5784
44.2521	2.62312	-0.813308	39.9536	-0.443057	0.123519	93.4379
43.3104	-1.88392	1.06913	42.795	1.2354	0.673769	87.7865
37.0019	-1.39524	2.34861	31.2082	1.72367	0.690023	92.7011
27.9704	-2.81948	1.21463	18.6048	0.566974	-1.08509	79.0623
50.8978	2.75329	-1.91549	44.1717	1.00362	-0.898488	88.4832
31.1253	2.24513	0.732689	30.4359	-1.34207	-1.18962	91.2407
56.1503	0.863299	-1.00271	41.4361	2.7182	-1.55244	81.7229
47.4526	0.425013	-1.42373	43.8758	-2.73599	-1.51036	91.3397
38.7732	-1.25289	-0.0694184	25.786	2.23381	-1.89079	90.6788
35.4314	-0.947118	1.02512	34.0755	2.49387	-0.55203	91.6601
49.9702	-2.99028	1.36141	35.0664	1.23065	-0.172753	100.786
48.3996	0.535807	-2.11831	31.3019	-2.59627	-1.75046	79.1655
32.3304	1.2344	-1.56404	29.2063	-2.20746	0.416098	93.6711
57.2881	-2.90304	-0.861855	37.3263	0.3627	-1.593	98.567
42.1573	-1.0952	1.46474	40.0435	1.80441	2.26058	88.2097
26.1733	-1.82921	2.05335	22.6292	1.20484	-0.441146	91.6651
26.4191	1.00943	1.16788	25.7862	-1.90563	-1.06847	88.1836
33.0802	-0.847688	0.405802	23.9235	2.81447	-1.59865	85.7525
72.4363	-1.94191	0.147603	27.842	2.78697	1.29581	83.2536
64.3931	2.54335	-1.40606	42.5304	0.139234	-0.770612	103.32
33.6072	-1.1575	-1.6602	33.0897	2.09572	0.221332	98.3807
25.7682	1.53724	1.39902	25.3305	-1.87102	-0.869962	87.3975
60.4847	1.83449	2.38502	29.1412	-1.90106	2.33543	80.3178
63.4345	-0.382984	-1.82204	34.6977	-2.87952	-2.42063	93.4456
82.2174	2.40723	1.65918	46.057	-2.59183	2.47632	90.0232
51.5551	0.488306	-1.67744	44.4109	-2.59297	-1.79007	95.8081
39.7098	-0.538907	-1.56635	39.3503	2.54191	-0.471591	91.1703
45.7133	-1.4604	-0.307978	44.7464	1.66398	-0.753202	92.7018
52.1484	-1.51336	-1.48894	40.8543	1.09245	-2.37667	98.575
42.8477	-2.15581	-2.1952	35.1949	0.998674	-1.05398	90.6559
26.1147	1.14666	-2.36833	23.7499	-1.97591	-0.0754779	86.2841
36.764	0.382715	1.12472	34.5496	-2.94971	-0.171016	86.5026
37.7044	-0.670743	-0.473158	35.5699	2.60602	-1.7815	89.3451
41.9591	-1.1745	0.562443	36.226	-0.0272521	-1.37573	97.6088
46.9825	-0.980634	0.38673	8.46053	-2.69008	-1.52266	53.399
79.2621	0.275709	-1.54286	23.016	-2.72265	-0.709765	92.741
55.2444	-2.498	-1.01977	37.0749	1.26334	-1.36401	87.6128
48.2884	0.337074	1.57231	42.0265	-2.98469	2.0489	92.3126
70.4931	2.83362	0.432604	24.0459	-0.721494	-0.577224	91.5154
142.475	-0.867885	1.22046	8.70817	1.45609	-0.352831	89.0938
44.262	-2.93123	0.828068	31.8138	-0.00649614	-0.437078	90.2087
40.1519	-2.66729	-1.59913	22.8036	0.241025	0.496859	96.6499
38.757	-2.7233	2.03349	28.9496	-0.414804	0.343258	88.3081
27.9899	-0.670535	1.7658	27.3515	2.4921	-0.712369	103.538
38.5539	-2.2764	-1.92796	36.54	0.972819	-0.730692	88.8322
40.4876	-0.992733	-2.52417	32.5548	1.9964	-1.94962	75.4247
51.7104	-0.205678	-2.22068	25.3827	2.93067	-0.618798	96.9686
44.1669	-0.111436	-2.33067	40.2168	2.94318	-1.98952	85.4419
66.9323	1.3424	-1.6516	31.1209	-2.29885	-1.47776	88.8019
36.5244	-2.90462	0.342637	21.3222	0.420436	-0.768133	64.4422
74.7388	1.01412	0.288644	24.6937	-2.19269	0.389785	85.9847
74.3265	2.59227	1.27795	12.5939	-0.393836	-0.652444	91.8524
63.366	-1.83973	-1.63691	38.6224	0.420051	-1.96846	90.9836
45.7062	-2.13712	-1.92933	41.6977	0.522723	-2.47158	88.1125
36.0397	0.401533	-0.429247	33.9185	-3.02083	1.09859	90.8157
60.5629	-1.47768	-1.99327	33.6085	2.1474	-1.66606	88.8537
34.4669	-2.29714	0.744792	30.8584	0.80453	2.36814	87.9074
48.2639	-2.52336	-0.503904	43.8664	0.521324	-0.556831	91.9496
48.9018	1.31397	-1.39875	40.908	-1.90001	-0.952617	91.631
46.0545	1.47553	0.944633	39.7091	-1.72917	0.893696	85.5137
113.737	-0.745857	1.83543	25.6048	1.13772	1.69148	87.6189
33.0933	2.32515	-0.454183	30.0391	-1.07056	1.29671	88.4457
33.5357	0.0427752	1.98445	16.3941	-2.87703	-0.48347	87.2099
49.1166	2.66965	1.67141	41.7404	-0.575793	1.19072	93.0667
48.4557	1.03785	-1.48052	38.1358	-1.82343	-2.36411	93.7359
180.786	-2.81985	-1.64406	166.061	-0.245868	-1.78173	333.528
38.2858	-0.307054	-2.05447	31.3052	2.88361	-0.519554	90.6358
36.5324	-0.518839	-1.16466	25.4601	2.51909	-0.93103	61.3309
49.027	1.6777	1.58111	39.6232	-1.41684	1.65241	88.1817
31.2808	-2.49594	1.02827	25.4581	0.752497	-1.13006	92.5708
43.1325	-2.74751	0.233361	36.1774	0.801677	0.456962	77.8739
29.5312	2.82554	-1.01362	25.358	-0.287722	-2.06852	62.5169
49.2227	0.211614	-0.623919	41.9333	-2.43139	-0.916539	89.0601
49.4106	0.18748	-1.54082	45.9523	-2.39165	-1.23906	92.6869
37.0969	2.08092	0.625289	35.6178	-1.16929	-0.991833	97.7077
51.2851	-1.28885	2.15992	41.718	2.21664	1.79664	92.5382
36.6621	0.685719	-2.07289	35.3169	-2.08804	-0.743625	87.4707
60.1233	3.07016	1.80762	38.2525	-0.428051	2.30129	97.3759
52.3971	-2.25854	-0.835078	32.7757	0.30451	-1.7283	88.1712
47.2872	-1.84329	2.63265	40.0262	1.40337	1.60487	98.6494
40.2208	1.78892	-0.807594	35.4541	-1.28664	-0.140048	79.7318
37.5888	-0.46104	0.433607	35.8407	2.93224	-0.816641	87.7428
53.9689	2.62692	-1.22934	29.4511	-0.052131	0.032801	94.394
45.4282	2.99747	1.9938	43.9476	-0.374943	1.30596	94.1401
55.1932	-0.153007	-1.07962	38.6738	2.57674	-1.47849	92.3325
43.4245	-0.266551	0.0147647	42.1117	3.13934	0.495023	87.2792
58.9302	1.65569	-1.15145	33.8383	-1.42868	-0.809262	90.5851
28.4602	-0.616199	0.447362	16.8074	2.01566	-2.30897	91.6272
48.8177	3.13586	1.51376	43.165	0.192467	1.25272	92.1453
44.8501	0.25665	-1.80447	41.9496	-2.55977	-1.56581	86.2337
28.8995	3.08462	2.32414	19.6654	-1.20308	2.1821	40.2053
29.9571	1.50468	2.02883	24.9733	-1.22485	-0.185842	91.1282
53.7015	-2.75032	-0.240502	29.3223	1.15246	-1.56053	92.712
66.6485	-1.71961	0.823421	32.6139	2.06968	1.16858	89.8654
217.368	-0.85922	1.31684	53.5413	-1.35483	2.0495	96.6046
38.5103	2.16037	0.77001	35.3411	-0.63069	2.12528	90.4717
44.3453	2.03095	0.760576	36.749	-1.03677	-0.15589	89.3138
82.3324	-0.761263	-2.60472	37.3644	0.824148	-1.67622	95.3456
37.2913	-2.04853	-1.37695	30.3469	1.22794	0.228348	90.0281
51.2072	-0.105609	1.25476	40.2561	3.0328	1.38899	91.0098
60.9411	-0.538948	0.457521	18.5116	1.68663	2.32368	94.0215
51.8216	-1.77287	0.275725	41.1342	1.48495	0.304139	92.1928
47.2635	1.40568	-0.565602	38.7229	-1.75364	0.0689713	89.901
28.6917	-1.92908	-0.603411	27.0639	1.20054	1.29287	82.7155
40.9946	-2.36706	-0.949055	38.5206	0.631108	-0.354208	82.8225
40.6254	3.08319	-0.752861	35.3013	0.0689924	-1.989	90.5447
38.9216	0.414421	-1.09317	38.7248	-2.77053	-2.27407	91.5635
41.8779	0.467937	-0.276668	39.1823	-2.66008	0.720281	91.289
47.4479	-1.30265	0.376022	30.3929	1.69281	-0.460138	82.4982
126.624	2.7824	0.256447	31.9807	-2.03716	0.462345	86.0526
36.5096	-2.9634	-0.745339	35.3126	0.079415	-2.24866	93.0048
47.1809	-0.0946563	-2.42361	28.4407	-3.0061	-1.20906	86.7852
68.8094	1.01264	-2.04601	27.1787	-2.54843	-0.949925	98.1697
44.6475	0.808826	1.69305	39.0137	-2.68341	2.64376	91.9352
28.7895	0.611563	-0.596824	28.5191	-2.46567	1.3756	87.4912
37.3801	2.96142	-2.35193	32.6267	0.567216	-0.792525	88.5768
30.8017	1.404	-1.27672	23.6888	-2.9643	-1.77807	46.2479
62.3271	-2.75885	1.21619	39.2742	0.702677	0.8916	99.0107
44.6107	-3.12598	-1.37578	39.3123	0.0322048	-0.466417	92.5608
37.8515	1.45849	1.68617	35.671	-1.68083	0.326581	91.1348
58.3376	-0.802396	-1.9249	27.4614	2.60587	-2.17895	79.9927
52.7682	2.34271	1.8755	47.3823	-2.1693	1.49245	79.7953
51.8377	-2.88755	2.41705	26.2808	1.09284	2.62367	67.8534
35.4235	-2.71773	0.323851	30.4043	0.205924	1.88878	86.4811
66.1873	-2.46653	1.17073	20.4399	2.35767	-0.61811	89.5418
50.3011	-0.279669	-2.29638	42.2226	-2.9155	-2.33277	89.2546
52.2252	-1.57004	1.27139	43.2641	1.38452	0.896578	96.3341
73.5761	-2.50567	0.530711	20.0401	-0.65649	1.45655	71.5268
26.9043	-0.216023	-0.189993	20.6067	2.54456	2.23667	85.7599
54.6487	-0.590722	1.05596	43.0075	0.764256	-0.209834	89.3876
30.205	0.856207	0.205954	21.9814	-2.37859	2.32385	83.1974
29.7807	-2.52756	-2.40531	19.4365	0.8971	-2.39573	47.6373
54.0269	0.530217	0.680193	45.9622	2.62332	1.20079	90.1796
43.423	-3.10492	2.06579	38.8524	0.132235	1.2551	88.9033
30.3026	0.882786	0.391328	30.1871	-2.29974	-1.4925	89.3578
46.4245	2.09795	-2.48492	40.6304	-1.03704	-1.72075	93.2795
93.3637	0.118352	1.85666	23.1672	2.96267	1.79523	92.0345
47.9114	2.31807	-0.68672	32.1853	-1.68429	-1.87718	86.8931
30.9814	0.89546	-1.63113	9.47041	3.10982	1.21382	73.5933
40.8331	-2.19729	-0.679261	27.1154	1.2256	1.06069	92.8952
42.2065	0.0716832	0.667456	39.5777	2.77471	1.64615	89.9859
51.73	-0.70986	-1.23053	42.2754	2.17844	-1.35297	92.9564
45.5893	-1.5395	-1.65827	37.5446	1.7541	-2.51337	90.204
52.2139	-1.70222	-1.92631	45.339	1.06168	-2.08785	95.9036
36.0662	-0.0798289	0.927274	30.6192	2.75971	1.27861	66.7458
44.8684	-2.59129	0.347611	10.6971	-3.04206	-2.46059	84.3958
50.8227	1.66888	0.966139	49.1882	-1.34037	1.44666	102.685
44.7182	-2.49911	1.43953	14.083	0.315064	-0.966374	90.7333
82.3638	0.586013	1.44062	29.475	-1.78455	1.39504	91.3378
55.732	-2.15374	-0.17927	36.1068	1.03505	-0.774401	93.6949
25.9685	2.45624	-0.688047	24.1212	-0.945587	1.12871	71.8743
32.9173	1.65486	-1.94861	32.8918	-1.67104	-0.893455	74.9378
29.081	-0.122227	1.17876	27.2085	-3.06935	-0.873046	88.3844
28.4686	0.987175	0.820246	27.4099	-2.01693	-1.34913	92.006
29.0883	-1.73529	-1.68752	12.989	1.47909	1.34749	92.9037
43.5167	0.484451	-0.158266	30.0591	-2.02999	1.34646	91.0986
42.2282	-1.62258	-0.475971	13.2289	1.68178	-0.215538	47.517
46.6977	-2.54851	-1.02446	44.4378	0.581635	-1.12837	91.229
41.9734	1.45457	1.22156	37.5463	-1.96353	2.4021	92.9928
65.2451	-2.54177	0.247449	35.2832	0.525151	-0.272439	99.1552
78.4522	0.302669	-0.897826	18.2067	-2.32272	-2.12022	88.0616
28.064	-2.29036	2.27021	23.1122	1.5149	-0.194387	93.2953
49.9712	0.781814	1.72197	43.8488	-2.55919	1.56767	93.4352
54.058	-1.10293	1.78671	38.3562	1.89343	1.56915	91.3712
30.6241	-1.17862	0.389195	29.929	1.90725	2.322	91.0783
35.4992	1.30945	-1.62472	26.802	-2.33765	0.180458	87.2192
43.275	-0.364803	-1.61573	11.3882	3.06363	1.07688	90.8728
29.0336	1.64156	-2.12778	14.416	-1.66195	-1.07145	46.6407
54.8289	2.79044	-1.00618	35.4846	-0.803373	-0.11975	94.9878
61.0927	-2.15963	1.77135	32.8706	1.49695	1.25805	89.7359
38.4434	2.31635	0.604726	33.2469	0.0881452	-0.96646	89.322
54.6966	2.03666	2.31741	34.3509	-0.66822	1.46368	92.8305
34.5186	-1.30003	0.436114	34.4257	1.82284	-1.28541	96.0992
33.3288	-0.705781	-0.240736	27.9031	2.40928	1.57684	87.9554
44.6751	-0.457051	0.238224	34.8976	-2.91509	-1.01979	91.357
53.6625	2.40973	-1.40202	25.8463	-0.799506	-1.42854	74.4481
76.3155	1.1865	1.35514	52.0513	2.83034	1.75766	95.7955
39.4259	1.59253	-0.4219	30.0833	-1.49524	1.10362	89.8867
49.4665	2.68357	-1.49192	43.8132	0.1115	-1.61654	89.547
32.3829	-0.835625	-0.161503	26.4864	2.39686	-2.20343	91.8076
53.9597	0.366979	2.12636	42.5445	-3.04361	1.2793	103.758
52.2175	1.73575	-1.04997	25.9165	-1.09793	0.413436	93.4859
43.3732	0.115642	-0.694573	29.6603	-2.26321	0.804087	88.912
66.1572	-0.127071	0.611892	23.8749	2.66517	1.80027	92.9138
45.3832	0.941263	-1.46837	35.8859	-1.36891	-0.233753	90.9193
33.4299	2.90031	-0.90433	20.8536	0.379851	1.36425	89.1304
33.5172	-2.346	-1.76403	26.5508	0.531816	-0.294754	76.0961
48.165	1.72096	1.25657	47.0222	-2.30178	0.969205	87.1782
59.6955	-1.78157	1.98123	19.1701	1.22338	0.454607	88.2221
33.0002	1.92611	-2.20723	24.8783	-1.33846	-0.103547	91.9717
81.8883	1.82082	-1.80655	73.1566	0.871696	-1.66531	71.5766
42.318	1.55981	0.259532	39.6001	-1.60556	1.25201	92.1571
35.9005	-1.3127	2.53599	33.5076	1.77226	0.979748	91.4268
42.2453	2.90828	1.28221	36.0127	-0.592293	0.979613	77.6653
49.4342	0.575875	1.40318	24.1946	-2.12701	-0.106788	88.565
124.39	1.90598	-0.196281	62.2667	-0.164682	-0.622641	156.028
50.4903	3.10781	-0.723099	39.692	-0.0819205	-0.95815	90.1268
66.3579	2.58074	1.07999	23.9207	-0.213763	0.445886	82.5828
58.3854	-2.71541	0.6493	26.7082	1.6566	-0.822978	90.5341
55.9147	1.10649	0.606421	28.9182	-1.84882	1.5387	89.0057
44.7143	-0.126736	1.18643	40.6018	2.90287	0.327293	93.0789
31.6933	-1.48769	-0.528982	29.6482	1.62838	-2.42768	91.0695
48.1918	3.06749	-0.389639	38.4553	0.0651412	-0.750401	87.2976
43.7534	-0.324743	-0.437474	42.1818	2.35564	-1.57879	98.3532
40.4355	1.04126	-1.49494	38.5001	-2.03647	-0.575989	87.3529
43.5692	0.908262	2.61398	43.2412	-2.33841	2.13245	89.2216
45.1722	0.469398	-1.90411	44.0643	-2.81224	-1.34147	92.5735
37.2529	2.61817	-1.88903	36.7758	-0.620772	-0.417078	94.9292
122.892	-2.56468	1.48771	31.1333	-0.994236	2.01405	93.456
48.1381	-2.04338	-0.603339	42.8331	1.21865	-1.66008	103.647
38.8526	-2.78226	-0.938381	34.5692	-0.751256	0.546087	86.1627
49.036	2.55691	1.08173	25.1837	-1.24089	-0.442554	88.8614
41.408	0.435556	0.0720892	32.4503	-2.82687	1.34968	88.6763
40.6745	2.08845	-1.53106	18.8267	-0.73685	0.778344	96.1337
35.8637	2.79687	1.15326	31.2044	0.313842	-0.31201	82.9033
49.6042	0.091512	-1.33982	45.7746	3.03503	-1.271	94.8916
50.7778	-2.96269	-1.69828	39.1239	0.0898124	-2.18897	91.7538
45.4188	-2.06043	-0.244198	42.0289	1.74526	0.632427	91.5835
28.4719	2.69355	0.281886	17.1847	0.135329	-2.48861	93.0565
36.5407	-1.40947	-1.36914	31.5362	2.21412	0.307302	91.7536
25.8083	-1.83265	1.97637	24.2315	1.4555	-0.428671	90.6764
50.453	-1.46003	-0.95778	29.7642	1.75264	-2.15451	91.7558
45.317	-1.07712	-2.00899	16.7469	1.59107	0.400722	99.3302
48.9572	-2.81021	1.64024	36.3126	0.595649	2.32068	88.5605
37.1949	-2.08069	2.02616	32.2871	0.853087	0.567729	88.275
73.7397	-2.53446	1.353	47.1642	0.30749	0.0551265	142.583
34.124	-2.88436	1.11499	24.8158	1.01025	-1.06297	93.8485
39.9009	2.94206	2.37519	35.613	-0.296156	1.25592	87.4337
33.1009	3.04247	-1.92072	31.6148	-0.156731	-1.62968	65.3584
84.4871	1.5055	-0.686233	16.9367	2.8767	-1.74401	63.6433
39.9169	1.90852	-0.462495	31.1113	-1.08807	-2.00184	92.2664
35.7183	2.05508	1.54055	29.9693	-0.458988	-0.0503455	84.8826
54.9644	0.799709	-0.454005	28.8267	-2.59136	-0.551389	79.0868
61.3829	-0.0244874	-0.625277	9.74064	-2.12905	0.0752836	45.9333
26.1641	0.297406	0.14487	17.3377	-2.80717	-2.60457	89.5968
47.6606	-3.01942	-0.139118	30.2403	0.409865	-0.36894	75.6511
40.953	0.986953	-2.15417	30.3257	-1.29071	-0.494587	91.5332
48.7099	1.67031	-1.32389	46.0078	-1.42853	-0.719278	99.0178
40.6856	-2.77805	-1.8835	39.5068	0.215203	-0.702434	94.3891
44.8234	2.00851	-1.37882	22.979	-0.633412	0.564452	95.6381
82.6605	2.23683	1.07421	22.6862	-0.472187	0.755879	85.7157
43.8933	0.134548	-1.25864	42.7864	-2.95723	-1.83728	90.2998
47.5414	1.95298	2.56329	45.0195	-1.74512	1.84704	95.189
48.5689	0.133481	2.34432	44.1263	3.05826	2.13674	92.5472
46.4067	1.88275	-0.321881	23.0177	-1.56723	1.60321	97.5427
71.2774	-3.02985	0.393152	48.3757	1.76928	1.23015	94.1206
45.1092	-0.194223	-0.682691	39.9693	2.90728	-0.771515	84.9898
59.7826	2.63153	-1.36577	27.193	-0.446209	-2.00245	84.7206
46.5106	-1.06941	-0.255051	36.1425	2.16881	-1.25437	92.3662
33.4723	-0.470598	-1.51949	25.4014	-1.19599	0.887373	90.7811
83.8294	-1.47831	1.24377	26.2017	1.68378	1.2685	93.7353
37.1406	-2.56313	-0.964399	35.8017	0.578062	-2.28348	89.3754
40.4975	1.48297	-0.504888	26.4853	-1.52275	-2.16827	89.3802
47.4554	-2.60739	-1.01121	44.1946	0.592576	-0.524237	94.2826
79.9665	-0.436031	2.28615	27.7333	-2.74477	1.49984	94.1425
42.3637	1.69987	-2.40921	31.9386	3.06302	-0.571872	90.3016
46.0196	-2.58334	-2.42274	45.0606	0.670975	-2.48939	90.9812
53.6826	-0.193793	-1.07803	40.1732	-2.93923	-0.819257	91.8562
52.707	-1.1264	-1.8059	41.1495	1.89553	-2.06371	93.7517
40.4529	1.32161	-0.311056	23.4906	-1.31864	-2.24345	91.4701
52.8846	-1.48349	-1.51938	51.3227	2.90366	-2.11626	90.3266
33.1393	0.510044	1.33336	25.1956	-2.34006	-0.735956	91.1994
28.2627	1.46573	-1.32263	16.1277	-2.38245	-2.58155	49.2747
86.4068	-2.35105	-1.29032	23.8829	1.46343	-2.03165	92.4226
49.7713	-1.63283	1.01324	43.0634	1.84829	0.978785	91.2749
56.4634	1.52037	0.957382	15.2818	-2.4222	-0.371228	68.4662
47.6543	0.741328	-1.12356	31.4019	-2.39955	-2.20987	89.0632
52.6626	-1.01245	0.686053	40.7324	1.88458	1.01169	93.1779
43.6544	-2.75243	2.57057	43.2738	0.424385	2.1863	88.5235
47.0458	-0.82079	-1.99019	43.4414	2.01387	-2.10146	89.4944
34.07	-0.00466088	-0.617091	15.2564	2.59958	2.09197	93.4469
43.9662	2.01171	-0.0761648	26.5379	-0.686636	-1.47282	84.3352
85.8309	2.06281	-0.725944	74.1627	-2.54246	-0.80844	118.893
57.4241	1.35335	-0.763077	28.3833	-1.81077	-1.67645	89.3065
75.6971	2.17355	2.33327	28.8499	-2.456	1.08299	92.7979
48.6716	0.488321	-1.5366	42.8862	-2.60789	-1.73968	91.823
35.3839	2.13221	0.755265	34.8801	-0.825419	2.25678	90.782
80.0459	-1.7722	-0.446162	49.0732	-2.09528	0.872858	91.0536
36.5938	1.90646	2.3209	24.2601	-1.15367	0.978782	73.4794
42.6626	-0.794044	-0.71146	38.3973	2.37148	0.371824	93.1097
88.5719	0.24172	0.199502	38.0532	3.04088	0.672902	117.728
44.4083	2.4029	1.73291	42.8791	-0.7012	1.95029	87.7748
44.6915	1.43191	2.01421	41.5696	-1.63533	1.23288	92.8117
39.5967	2.77571	-0.47854	37.7502	-0.3218	0.69755	91.068
67.7155	-2.6498	-2.04294	43.8505	1.76125	-1.67526	90.0404
60.6637	1.03424	-1.88915	37.8455	-1.53271	-1.65488	92.5877
65.6738	-2.27379	-0.723829	38.6726	-0.0201692	-0.657153	91.0822
49.4508	1.02582	1.52594	40.4149	-0.895285	0.472944	88.3023
54.5776	-1.5379	-1.02896	38.0465	1.53109	-1.62299	95.1289
45.4005	-2.24016	0.263301	39.948	0.895007	-0.232447	87.8037
56.5	0.344965	-1.44768	29.7624	-2.47473	-2.5564	94.028
53.9437	2.51832	-1.99842	35.871	-0.714578	-1.81291	88.2651
48.0757	-2.14446	1.30321	37.2284	0.176271	0.336938	88.4565
46.2641	-0.116024	0.0407007	43.0183	-3.10583	0.318882	89.8335
57.5782	-1.00516	0.459455	18.5138	2.57559	2.08545	86.9386
42.0577	-2.24846	-1.11962	37.2846	0.886387	-2.09006	88.7057
53.0879	-2.97527	-1.83576	36.4705	0.283839	-2.06475	88.4298
40.7067	-1.59467	-0.471319	23.0439	1.40926	0.301875	65.7548
53.6645	2.63588	0.277733	37.3259	-0.515459	0.838777	93.0555
49.4314	1.53285	1.84127	25.4224	-2.10034	0.356777	89.6982
47.1761	-0.828745	0.0886863	40.2003	2.30472	0.568431	89.6145
52.6889	1.07948	-0.0952574	30.0993	-2.62543	-1.07617	86.6359
61.9033	-1.74812	1.02707	40.2655	0.353324	0.557581	89.8201
46.1999	1.36749	-0.646207	45.9687	-1.75605	0.168366	99.9157
43.3093	-1.82212	-2.37736	33.514	1.34049	-1.14751	91.0586
44.9048	1.93081	-0.225692	32.5606	-1.33325	-1.75458	99.8208
65.5253	0.969224	-2.03145	23.0095	-2.21977	-0.807169	92.65
37.8661	-2.57221	1.25417	36.1846	1.10823	-0.101511	89.5581
39.6721	-1.15851	1.46068	38.2422	1.82798	0.46251	87.5987
36.8699	-2.42132	-1.81133	24.4793	0.54599	0.227758	93.968
42.127	-2.63465	-2.43554	37.4687	0.424933	-1.47012	88.8382
43.5929	-0.339178	0.456804	41.7198	3.09738	1.08977	88.7184
68.3174	0.904289	2.21063	29.4148	-2.51205	2.37008	89.099
46.9649	2.946	0.339905	39.0927	-0.481738	1.23491	93.6276
41.0077	2.75736	-0.862418	17.8032	1.78446	-2.40583	52.4515
49.1665	-1.80156	-0.602245	42.9075	0.860423	-0.651525	89.261
